       zProf     mProfAv  mProfPlume       mProf      fwFlux    heatFlux Entrainment       TendT       TendS
  0.3956E+03  0.0000E+00  0.0000E+00  0.0000E+00 -0.0000E+00  0.0000E+00 -0.3368E+03
  0.3842E+03 -0.5885E-05 -0.1457E-04  0.3371E-05 -0.3090E-02  0.1035E+04 -0.7196E+03
  0.3686E+03 -0.1374E-04 -0.3205E-04  0.4091E-05 -0.3750E-02  0.1256E+04 -0.1073E+04
  0.3503E+03 -0.2465E-04 -0.5520E-04  0.4363E-05 -0.4000E-02  0.1340E+04 -0.1363E+04
  0.3304E+03 -0.3727E-04 -0.8074E-04  0.4435E-05 -0.4066E-02  0.1362E+04 -0.1586E+04
  0.3096E+03 -0.5052E-04 -0.1058E-03  0.4399E-05 -0.4033E-02  0.1351E+04 -0.1750E+04
  0.2887E+03 -0.6371E-04 -0.1287E-03  0.4302E-05 -0.3944E-02  0.1321E+04 -0.1862E+04
  0.2679E+03 -0.7638E-04 -0.1488E-03  0.4178E-05 -0.3830E-02  0.1283E+04 -0.1930E+04
  0.2476E+03 -0.8829E-04 -0.1658E-03  0.4059E-05 -0.3721E-02  0.1246E+04 -0.1962E+04
  0.2279E+03 -0.9936E-04 -0.1801E-03  0.3934E-05 -0.3606E-02  0.1208E+04 -0.1966E+04
  0.2091E+03 -0.1096E-03 -0.1919E-03  0.3784E-05 -0.3468E-02  0.1162E+04 -0.1946E+04
  0.1912E+03 -0.1190E-03 -0.2017E-03  0.3633E-05 -0.3330E-02  0.1116E+04 -0.1908E+04
  0.1741E+03 -0.1276E-03 -0.2098E-03  0.3497E-05 -0.3206E-02  0.1074E+04 -0.1855E+04
  0.1581E+03 -0.1354E-03 -0.2165E-03  0.3376E-05 -0.3095E-02  0.1037E+04 -0.1793E+04
  0.1430E+03 -0.1425E-03 -0.2220E-03  0.3263E-05 -0.2991E-02  0.1002E+04 -0.1722E+04
  0.1288E+03 -0.1490E-03 -0.2266E-03  0.3155E-05 -0.2893E-02  0.9690E+03 -0.1645E+04
  0.1156E+03 -0.1549E-03 -0.2304E-03  0.3052E-05 -0.2798E-02  0.9373E+03 -0.1564E+04
  0.1032E+03 -0.1603E-03 -0.2336E-03  0.2955E-05 -0.2709E-02  0.9074E+03 -0.1480E+04
  0.9174E+02 -0.1652E-03 -0.2362E-03  0.2865E-05 -0.2627E-02  0.8799E+03 -0.1394E+04
  0.8111E+02 -0.1697E-03 -0.2384E-03  0.2783E-05 -0.2551E-02  0.8546E+03 -0.1306E+04
  0.7129E+02 -0.1737E-03 -0.2403E-03  0.2715E-05 -0.2489E-02  0.8338E+03 -0.1219E+04
  0.6225E+02 -0.1773E-03 -0.2419E-03  0.2663E-05 -0.2441E-02  0.8177E+03 -0.1131E+04
  0.5398E+02 -0.1806E-03 -0.2432E-03  0.2609E-05 -0.2391E-02  0.8011E+03 -0.1044E+04
  0.4643E+02 -0.1836E-03 -0.2444E-03  0.2551E-05 -0.2338E-02  0.7833E+03 -0.9579E+03
  0.3959E+02 -0.1862E-03 -0.2453E-03  0.2495E-05 -0.2287E-02  0.7661E+03 -0.8731E+03
  0.3342E+02 -0.1886E-03 -0.2461E-03  0.2451E-05 -0.2247E-02  0.7526E+03 -0.7898E+03
  0.2790E+02 -0.1907E-03 -0.2468E-03  0.2417E-05 -0.2216E-02  0.7422E+03 -0.7086E+03
  0.2299E+02 -0.1925E-03 -0.2473E-03  0.2382E-05 -0.2184E-02  0.7315E+03 -0.6297E+03
  0.1868E+02 -0.1942E-03 -0.2478E-03  0.2346E-05 -0.2150E-02  0.7203E+03 -0.5535E+03
  0.1493E+02 -0.1956E-03 -0.2482E-03  0.2304E-05 -0.2112E-02  0.7076E+03 -0.4805E+03
  0.1170E+02 -0.1968E-03 -0.2485E-03  0.2256E-05 -0.2068E-02  0.6927E+03 -0.4111E+03
  0.8977E+01 -0.1978E-03 -0.2488E-03  0.2188E-05 -0.2005E-02  0.6718E+03 -0.3457E+03
  0.6711E+01 -0.1987E-03 -0.2490E-03  0.2083E-05 -0.1910E-02  0.6398E+03 -0.2849E+03
  0.4867E+01 -0.1995E-03 -0.2492E-03  0.1951E-05 -0.1788E-02  0.5990E+03 -0.2292E+03
  0.3406E+01 -0.2002E-03 -0.2493E-03  0.1817E-05 -0.1665E-02  0.5578E+03  0.5653E+05
  0.2283E+01  0.9028E-05  0.0000E+00  0.9028E-05 -0.8276E-02  0.2772E+04 -0.0000E+00
  0.1449E+01  0.8603E-05  0.0000E+00  0.8603E-05 -0.7887E-02  0.2642E+04 -0.0000E+00
  0.8518E+00  0.8292E-05  0.0000E+00  0.8292E-05 -0.7602E-02  0.2547E+04 -0.0000E+00
  0.4335E+00  0.8072E-05  0.0000E+00  0.8072E-05 -0.7400E-02  0.2479E+04 -0.0000E+00
  0.1308E+00  0.7913E-05  0.0000E+00  0.7913E-05 -0.7254E-02  0.2430E+04 -0.0000E+00
