  0.1858E+03  0.9975E+01  0.2986E+02  0.1959E-01  0.3104E-01
  0.1554E+03  0.9956E+01  0.2981E+02  0.1802E-01  0.9414E-01
  0.1234E+03  0.9934E+01  0.2976E+02  0.1403E-01  0.1453E+00
  0.9414E+02  0.9906E+01  0.2968E+02  0.1006E-01  0.1664E+00
  0.6990E+02  0.9879E+01  0.2961E+02  0.6462E-02  0.1589E+00
  0.5107E+02  0.9855E+01  0.2955E+02  0.3292E-02  0.1357E+00
  0.3706E+02  0.9833E+01  0.2949E+02  0.5351E-03  0.1087E+00
  0.2691E+02  0.9813E+01  0.2943E+02 -0.1857E-02  0.8404E-01
  0.1967E+02  0.9795E+01  0.2938E+02 -0.3931E-02  0.6400E-01
  0.1452E+02  0.9779E+01  0.2933E+02 -0.5723E-02  0.4857E-01
  0.1085E+02  0.9765E+01  0.2929E+02 -0.7268E-02  0.3699E-01
  0.8209E+01  0.9753E+01  0.2926E+02 -0.8594E-02  0.2836E-01
  0.6269E+01  0.9744E+01  0.2923E+02 -0.9749E-02  0.2187E-01
  0.4808E+01  0.9736E+01  0.2921E+02 -0.1075E-01  0.1690E-01
  0.3672E+01  0.9729E+01  0.2919E+02 -0.1166E-01  0.1299E-01
  0.2757E+01  0.9723E+01  0.2917E+02 -0.1248E-01  0.9812E-02
  0.1993E+01  0.9717E+01  0.2915E+02 -0.1328E-01  0.7135E-02
  0.1333E+01  0.9712E+01  0.2914E+02 -0.1404E-01  0.4810E-02
  0.7492E+00  0.9706E+01  0.2912E+02 -0.1483E-01  0.2738E-02
  0.2231E+00  0.9701E+01  0.2910E+02 -0.1559E-01  0.8613E-03
